.__global__ <-
"V1"
.Random.seed <-
c(10403L, 190L, 293105069L, 428109806L, -10760004L, 949321267L, 
-1582462809L, 1930028608L, -1716082384L, 894930562L, 1280168900L, 
264604723L, -1265925118L, -940075747L, 2087553005L, -652330945L, 
-2089674410L, 1670847175L, 337747155L, 9092223L, -1824955218L, 
-1903298224L, -1826533796L, 1794997689L, -1192751272L, -1804436905L, 
-1479410522L, -1730098347L, -1183004574L, -1129056597L, 1943193247L, 
-187542855L, 540315066L, -246435062L, 901393684L, -1821452302L, 
872795130L, 5607393L, 827220704L, 445372504L, 1596775908L, -522269445L, 
-1836906769L, 1234926809L, -931303585L, 502149130L, 1420431168L, 
1546433627L, 209322484L, 401497798L, 1274842912L, 1783584872L, 
-957321532L, 701943658L, 1415818032L, 1346126608L, 1932866614L, 
-361384639L, 1432420453L, 1584214627L, -507283046L, -456071325L, 
1028633742L, 831845123L, 1644126952L, -506616047L, -796171698L, 
-2122185861L, 1118942466L, -770753644L, -1007563489L, 677198795L, 
-852714999L, 1571160432L, 1531384035L, 2075617671L, -1348533967L, 
-1938286257L, 1434984860L, 1188084104L, -669230931L, 2090632033L, 
-1196001962L, -148453347L, 2103306163L, 1844510479L, 766800855L, 
720985935L, -1638736355L, 1427364534L, 718302286L, 1611574071L, 
86216315L, 539431434L, 184031604L, 1986256346L, -429364992L, 
625342785L, 1804737238L, -1562274091L, -935796670L, 110862774L, 
1159805598L, 1084665795L, -1482686461L, 1914430608L, -1807302142L, 
1449460253L, -12594585L, -456430369L, 113079050L, 727170576L, 
-39893962L, -122729193L, 415776244L, 2124709960L, 1011114584L, 
-367701610L, -96452041L, -1821567214L, 1391640510L, 1044028449L, 
-1443905950L, -772443337L, 625365004L, -1953830530L, 1640987645L, 
-2104459274L, -846061124L, 1069177722L, 1299639023L, -101961567L, 
-1513908229L, -875866048L, -189331991L, 1922448362L, 759996201L, 
-624799654L, -1100374544L, -609826442L, -785497899L, -1366768194L, 
-984882286L, -1597344188L, -879242772L, -1668898144L, 1687514244L, 
-1287498934L, -2144912804L, 1992136220L, 773317146L, -1055273177L, 
1645905446L, 1787496519L, 1802030293L, 1271588084L, -1107639037L, 
-398912024L, 1585492297L, 1922147733L, 586178475L, 1372428710L, 
-1101576260L, 426445250L, 2132810313L, 331663917L, 2009877551L, 
1674916537L, -782499619L, -1318584011L, -617124561L, 1325852717L, 
1134028587L, 402598998L, -1968934626L, 881225278L, 2044806485L, 
-1188254904L, -662745921L, 977165628L, -1345892859L, -1933126963L, 
2102641009L, -1437430008L, -1275606131L, 450399177L, 1589897190L, 
1846029113L, -2083350877L, 1291439122L, 1432782941L, 285301161L, 
-2101975677L, -1448747299L, 1935717147L, 1502843291L, 1246463515L, 
-312412866L, 466958779L, -719196000L, 365797371L, 297552633L, 
1005032862L, -489884603L, -1225434424L, -2139706076L, -1140799514L, 
-490348941L, -84532453L, -1575227111L, -1812070699L, -765893365L, 
1404715854L, 159677565L, 807064648L, -1338056444L, -1097522231L, 
-714776661L, -1662305240L, 886326869L, -1548227672L, -1023397294L, 
-792376755L, 572856500L, -1127518713L, 1501894786L, 685363283L, 
1675150284L, 1586179303L, -438441771L, -1615231747L, -1561801383L, 
-391767755L, 1098931277L, -206895223L, 2067399309L, -1326578907L, 
240078436L, 341874264L, 1757330103L, 192702801L, -347850620L, 
-1459791946L, 1492188415L, 325281112L, -287475461L, -1233694215L, 
-974623657L, -2060121747L, -1969456819L, 943725309L, 944259790L, 
1818506162L, -2132510042L, 532150419L, 2085510626L, 951355754L, 
1782036603L, -162990167L, -655520161L, -117516790L, 14625522L, 
-1413926499L, 406802785L, 1465200713L, -413044314L, -192529569L, 
-158585600L, -1311232941L, -1738894263L, 1891143006L, 212130671L, 
-1070277083L, 179687151L, 792445065L, 1821300378L, 305046674L, 
-1168046861L, -327551021L, 1083965600L, -721364919L, -1128495146L, 
-1981795307L, -251801929L, 1568467132L, 1683972052L, -1382689259L, 
-1340772187L, 1871069018L, 1224256268L, -2066967532L, 1070269309L, 
1221065139L, -1891975476L, 1413871180L, -233536566L, -999364125L, 
1037519653L, 1996882300L, 296234559L, 446564682L, 1330036715L, 
-1334985539L, -19404972L, 1410125207L, -986221432L, 1382707612L, 
-1032504099L, -1296555146L, -1919437642L, 1364155494L, 1487811453L, 
1561677311L, 1913303668L, -428360557L, -394262790L, 468775249L, 
991094001L, -1050874604L, -1287922225L, -1417864204L, -1871504613L, 
648239144L, 1560120133L, -2081013075L, -127719461L, 1775137758L, 
-1381180439L, -1348569283L, -1249105667L, 1304310059L, -1415397983L, 
-265782114L, -1170488846L, 304726362L, 143182612L, 530834397L, 
-1696369900L, 1314706317L, 746226872L, 169569976L, 254273446L, 
1908533926L, 1512458370L, 326347900L, -1072047972L, -1960509108L, 
250339339L, -671188009L, 409609764L, -1879409364L, 1045468006L, 
-1857117544L, -252817539L, -924480303L, -970563823L, 324901945L, 
1914705760L, 1161732807L, -317349395L, -20692400L, -1872960083L, 
-1094147277L, -1127908107L, -1988349738L, -941754900L, -743331272L, 
-1471208663L, -93607366L, 815027522L, -779401032L, 237809292L, 
845162312L, 575078962L, -571505680L, 461455833L, -1639303724L, 
1888304871L, -633437837L, 560153456L, 1079644315L, -230810516L, 
-110140645L, -589563970L, -433030899L, 127175306L, 68034376L, 
-2057905935L, -296703081L, -1665117341L, 1961264442L, 1237862065L, 
-71639861L, 1460757179L, 454199367L, 478427409L, -2009461985L, 
-1809378129L, -924139841L, -1476709274L, -1830729225L, -1970085382L, 
520541280L, -689912898L, 1468843769L, -1058917133L, 274454910L, 
91451947L, -1402695710L, 843750357L, -1489588043L, 959395847L, 
-2002735676L, 85688780L, -1133395881L, 484657297L, 379315167L, 
1975208552L, -1822093602L, -2104696866L, 1568130617L, 1444716329L, 
-1763820521L, -1147907243L, 1899931209L, 1373968326L, -1869006095L, 
-639523944L, -448541002L, -710818903L, -1009961631L, -1238768156L, 
-461763896L, -1148440488L, 1372001037L, -842852761L, 2125446063L, 
-316584044L, -668238655L, 1933045709L, -887173632L, 136917139L, 
-256673280L, 974781427L, 412930030L, 1901507537L, -983083466L, 
-1689911619L, 2127828695L, -751819286L, -8771300L, -1226828861L, 
1187562525L, -98155627L, 694207229L, -822581991L, -1338306685L, 
-2038647877L, -909560773L, 1286548143L, 93023778L, 746088731L, 
1811254136L, 709981508L, 1493807889L, -731626191L, -1965644373L, 
-1201731612L, -375416380L, -1808504752L, -169394445L, -1560703726L, 
2006798373L, 702459875L, 71661594L, 593610354L, 638165731L, -200972302L, 
-1816167419L, 1458040773L, 938720059L, -1383975769L, -1843063722L, 
-2065112683L, -94832758L, -884457669L, -1539354607L, 1702489627L, 
333404154L, 581964101L, 302135169L, 1278781037L, -1753957771L, 
-1576820365L, 54498506L, -696156049L, 609014974L, 447645088L, 
-1919444517L, -1594984197L, -10857855L, -484484469L, -410155994L, 
1768329953L, -468652317L, -1011192444L, -1136010580L, -2139703561L, 
1105011557L, 1617825721L, -1329160515L, -2138375459L, 2110453356L, 
221237636L, -1483379289L, 1650708431L, 963984271L, 484859286L, 
1571841413L, -459808206L, -506010890L, 1725213800L, 762161567L, 
476028005L, 626185837L, -1431379209L, 664139063L, 472019112L, 
372987655L, -1052671378L, -22787685L, -1089979896L, 1564045436L, 
-1671229759L, -1296667254L, 1988403731L, -1974843256L, 1536123781L, 
572544925L, -1729004541L, -350095659L, 1840196341L, -804310809L, 
611627017L, -512478160L, 569102162L, -155122572L, -1615721264L, 
-76975516L, -1466970131L, -670636274L, -61006773L, 1153830792L, 
-2073736973L, 59328131L, 1023885543L, 294571239L, -1773939981L, 
1346036303L, 1964581552L, -253819903L, 456097605L, 586244429L, 
-1265860461L, 1882249651L, -1990399638L, -2062338847L, 1778108296L, 
408722977L, -1300610221L, 209513936L, 264211084L, -159177315L, 
-898862198L, 238878415L, -374854935L, 548389348L, 1746531590L, 
-1509508418L, 1289733800L, 1013815284L, -959024728L, -611281966L, 
-208886595L, 1248787739L, -414654131L, 2112342059L, -1417882413L, 
742894571L, -19664641L, 1318989700L, -1191846856L, 82201365L, 
690927135L, 1848557524L, -1218692820L, 1364378703L, 1046502577L, 
-544985350L, -1458239626L, 1129683130L, -1930587743L, -2091515675L, 
